3.12935891732 
3.59468944052 
3.89833922446 
4.12921384705 
4.31766931958 
4.47801585436 
4.61822390317 
4.74322115353 
4.85628178503 
4.95969964482 
5.05514845192 
5.14388944555 
5.22689826573 
5.30494620058 
5.37865425843 
5.44853033645 
5.51499548283 
5.57840289786 
5.63905196832 
5.69719882328 
5.75306440225 
5.80684071099 
5.85869573508 
5.90877734439 
5.9572164286 
6.00412943958 
6.0496204711 
6.09378297395 
6.13670118088 
6.17845129875 
6.21910251235 
6.25871783463 
6.29735483091 
6.33506623895 
6.37190050247 
6.40790223229 
6.44311260656 
6.47756971975 
6.51130888784 
6.5443629164 
6.57676233681 
6.60853561506 
6.63970933688 
6.67030837244 
6.70035602322 
6.72987415331 
6.7588833072 
6.78740281555 
6.81545089053 
6.8430447119 
6.87020050481 
6.89693361043 
6.92325855007 
6.94918908351 
6.9747382622 
6.99991847789 
7.02474150704 
7.04921855159 
7.07336027633 
7.09717684331 
7.12067794339 
7.1438728255 
7.16677032349 
7.18937888103 
7.21170657466 
7.23376113509 
7.25554996701 
7.27708016748 
7.29835854298 
7.3193916254 
7.34018568678 
7.36074675321 
7.38108061769 
7.40119285222 
7.4210888191 
7.44077368146 
7.46025241322 
7.47952980834 
7.49861048955 
7.51749891657 
7.53619939378 
7.5547160775 
7.5730529828 
7.59121398996 
7.60920285049 
7.62702319293 
7.6446785282 
7.66217225474 
7.67950766336 
7.69668794176 
7.71371617894 
7.73059536925 
7.74732841628 
7.7639181366 
7.78036726321 
7.79667844892 
7.81285426946 
7.82889722652 
7.8448097506 
7.86059420373 
7.87625288207 
7.89178801837 
7.90720178433 
7.92249629283 
7.93767360008 
7.95273570769 
7.96768456456 
7.98252206879 
7.99725006947 
8.01187036833 
8.02638472142 
8.04079484067 
8.05510239531 
8.06930901341 
8.08341628316 
8.09742575422 
8.11133893897 
8.12515731373 
8.13888231988 
8.15251536503 
8.16605782403 
8.17951104004 
8.19287632546 
8.20615496296 
8.21934820629 
8.23245728123 
8.2454833864 
8.25842769409 
8.271291351 
8.28407547904 
8.29678117601 
8.30940951632 
8.32196155169 
8.33443831171 
8.34684080456 
8.35917001756 
8.37142691776 
8.3836124525 
8.39572754996 
8.40777311967 
8.41975005303 
8.43165922378 
8.44350148848 
8.45527768696 
8.46698864279 
8.47863516364 
8.49021804177 
8.50173805436 
8.51319596395 
8.52459251878 
8.53592845315 
8.5472044878 
8.5584213302 
8.56957967493 
8.58068020396 
8.59172358699 
8.6027104817 
8.61364153411 
8.62451737878 
8.63533863916 
8.64610592778 
8.65681984657 
8.66748098707 
8.6780899307 
8.68864724895 
8.69915350365 
8.70960924719 
8.72001502269 
8.73037136427 
8.7406787972 
8.75093783812 
8.76114899524 
8.77131276852 
8.78142964982 
8.79150012314 
8.80152466473 
8.81150374328 
8.82143782009 
8.83132734921 
8.84117277763 
8.85097454537 
8.86073308567 
8.87044882512 
8.8801221838 
8.88975357541 
8.8993434074 
8.9088920811 
8.91839999184 
8.92786752908 
8.93729507653 
8.94668301223 
8.95603170872 
8.9653415331 
8.97461284716 
8.98384600749 
8.99304136554 
9.00219926779 
9.01132005577 
9.02040406622 
9.02945163112 
9.03846307784 
9.04743872917 
9.05637890347 
9.06528391469 
9.07415407248 
9.08298968229 
9.0917910454 
9.10055845904 
9.10929221644 
9.11799260692 
9.12665991593 
9.13529442515 
9.14389641255 
9.15246615244 
9.16100391557 
9.16950996915 
9.17798457694 
9.1864279993 
9.19484049325 
9.20322231255 
9.2115737077 
9.21989492607 
9.22818621189 
9.23644780634 
9.24467994758 
9.25288287083 
9.26105680838 
9.26920198967 
9.27731864133 
9.28540698723 
9.29346724849 
9.30149964359 
9.30950438835 
9.31748169602 
9.3254317773 
9.33335484037 
9.34125109096 
9.34912073236 
9.35696396549 
9.3647809889 
9.37257199884 
9.38033718928 
9.38807675195 
9.39579087637 
9.4034797499 
9.41114355775 
9.41878248304 
9.4263967068 
9.43398640803 
9.44155176371 
9.44909294886 
9.45661013653 
9.46410349787 
9.47157320212 
9.47901941667 
9.48644230706 
9.49384203705 
9.5012187686 
9.5085726619 
9.51590387544 
9.52321256599 
9.53049888865 
9.53776299685 
9.5450050424 
9.5522251755 
9.55942354477 
9.56660029726 
9.57375557848 
9.58088953244 
9.58800230162 
9.59509402706 
9.60216484831 
9.60921490352 
9.61624432941 
9.62325326129 
9.63024183312 
9.63721017749 
9.64415842564 
9.65108670752 
9.65799515175 
9.66488388569 
9.6717530354 
9.67860272572 
9.68543308025 
9.69224422136 
9.69903627023 
9.70580934685 
9.71256357006 
9.71929905751 
9.72601592575 
9.73271429017 
9.73939426509 
9.74605596371 
9.75269949814 
9.75932497946 
9.76593251766 
9.77252222172 
9.77909419956 
9.78564855813 
9.79218540335 
9.79870484015 
9.80520697251 
9.81169190343 
9.81815973496 
9.82461056821 
9.83104450337 
9.83746163971 
9.84386207561 
9.85024590852 
9.85661323505 
9.86296415091 
9.86929875096 
9.87561712922 
9.88191937885 
9.88820559219 
9.89447586077 
9.90073027528 
9.90696892565 
9.91319190099 
9.91939928964 
9.92559117916 
9.93176765637 
9.9379288073 
9.94407471726 
9.95020547082 
9.95632115182 
9.96242184338 
9.96850762791 
9.97457858712 
9.98063480201 
9.98667635293 
9.99270331951 
9.99871578074 
10.0047138149 
10.0106974997 
10.0166669121 
10.0226221285 
10.0285632247 
10.0344902756 
10.0404033559 
10.0463025394 
10.0521878993 
10.0580595084 
10.0639174387 
10.0697617617 
10.0755925484 
10.081409869 
10.0872137933 
10.0930043905 
10.0987817294 
10.104545878 
10.1102969038 
10.116034874 
10.121759855 
10.1274719127 
10.1331711126 
10.1388575198 
10.1445311985 
10.1501922127 
10.1558406259 
10.161476501 
10.1670999004 
10.1727108861 
10.1783095196 
10.1838958619 
10.1894699735 
10.1950319146 
10.2005817447 
10.2061195231 
10.2116453084 
10.217159159 
10.2226611326 
10.2281512868 
10.2336296784 
10.239096364 
10.2445513998 
10.2499948415 
10.2554267443 
10.2608471631 
10.2662561525 
10.2716537665 
10.2770400588 
10.2824150827 
10.2877788911 
10.2931315365 
10.2984730711 
10.3038035465 
10.3091230143 
10.3144315253 
10.3197291303 
10.3250158796 
10.330291823 
10.3355570102 
10.3408114903 
10.3460553122 
10.3512885244 
10.3565111752 
10.3617233123 
10.3669249832 
10.3721162352 
10.377297115 
10.3824676692 
10.387627944 
10.3927779851 
10.3979178383 
10.4030475486 
10.4081671611 
10.4132767204 
10.4183762707 
10.423465856 
10.4285455202 
10.4336153065 
10.4386752581 
10.4437254178 
10.4487658282 
10.4537965315 
10.4588175696 
10.4638289842 
10.4688308168 
10.4738231084 
10.4788059 
10.483779232 
10.4887431449 
10.4936976786 
10.4986428729 
10.5035787674 
10.5085054012 
10.5134228135 
10.5183310429 
10.5232301279 
10.5281201069 
10.5330010177 
10.5378728981 
10.5427357857 
10.5475897177 
10.5524347311 
10.5572708627 
10.5620981491 
10.5669166265 
10.5717263311 
10.5765272987 
10.581319565 
10.5861031653 
10.5908781348 
10.5956445086 
10.6004023212 
10.6051516073 
10.6098924012 
10.6146247369 
10.6193486483 
10.6240641691 
10.6287713327 
10.6334701724 
10.6381607213 
10.6428430122 
10.6475170777 
10.6521829502 
10.6568406621 
10.6614902453 
10.6661317317 
10.670765153 
10.6753905406 
10.6800079257 
10.6846173396 
10.689218813 
10.6938123767 
10.6983980613 
10.7029758969 
10.7075459139 
10.7121081422 
10.7166626116 
10.7212093517 
10.725748392 
10.7302797618 
10.7348034901 
10.7393196059 
10.743828138 
10.7483291149 
10.7528225651 
10.7573085169 
10.7617869982 
10.7662580372 
10.7707216614 
10.7751778986 
10.7796267762 
10.7840683215 
10.7885025617 
10.7929295236 
10.7973492341 
10.80176172 
10.8061670076 
10.8105651234 
10.8149560937 
10.8193399443 
10.8237167014 
10.8280863907 
10.8324490377 
10.836804668 
10.8411533069 
