6.77048732337 
7.77724765088 
8.43420553499 
8.93371158297 
9.3414421826 
9.68835802375 
9.99170348274 
10.2621397994 
10.506750786 
10.7304992684 
10.9370064016 
11.1290009245 
11.3085936716 
11.4774533542 
11.6369235475 
11.7881031063 
11.9319029845 
12.0690873443 
12.2003039204 
12.326106858 
12.4469741679 
12.5633212621 
12.6755115836 
12.7838650547 
12.8886648602 
12.9901629479 
13.088584529 
13.1841317876 
13.2769869645 
13.3673149362 
13.4552653867 
13.5409746467 
13.6245672612 
13.7061573302 
13.7858496637 
13.8637407787 
13.9399197658 
14.0144690439 
14.0874650203 
14.1589786713 
14.2290760525 
14.2978187514 
14.365264287 
14.431466467 
14.496475705 
14.5603393049 
14.6231017153 
14.6848047589 
14.7454878384 
14.805188123 
14.8639407162 
14.9217788094 
14.97873382 
15.0348355177 
15.0901121398 
15.1445904965 
15.1982960664 
15.2512530854 
15.3034846273 
15.355012678 
15.405858204 
15.4560412157 
15.5055808256 
15.5544953018 
15.6028021182 
15.6505180005 
15.697658969 
15.7442403786 
15.7902769552 
15.8357828309 
15.8807715755 
15.9252562266 
15.9692493176 
16.0127629038 
16.0558085866 
16.0983975368 
16.1405405156 
16.1822478949 
16.2235296761 
16.2643955081 
16.3048547035 
16.3449162547 
16.3845888484 
16.4238808798 
16.4628004653 
16.5013554556 
16.5395534466 
16.5774017909 
16.6149076083 
16.6520777956 
16.688919036 
16.7254378077 
16.7616403929 
16.7975328853 
16.8331211978 
16.86841107 
16.9034080744 
16.9381176236 
16.9725449761 
17.0066952423 
17.0405733898 
17.0741842495 
17.1075325198 
17.140622772 
17.1734594549 
17.206046899 
17.2383893207 
17.2704908268 
17.3023554178 
17.3339869917 
17.365389348 
17.3965661904 
17.4275211303 
17.4582576902 
17.4887793061 
17.5190893309 
17.5491910365 
17.5790876171 
17.6087821912 
17.6382778041 
17.6675774305 
17.6966839762 
17.7256002808 
17.7543291193 
17.7828732042 
17.8112351876 
17.8394176628 
17.8674231659 
17.8952541781 
17.9229131265 
17.9504023863 
17.977724282 
18.0048810891 
18.031875035 
18.0587083012 
18.0853830235 
18.1119012944 
18.1382651634 
18.1644766386 
18.1905376879 
18.2164502399 
18.2422161848 
18.267837376 
18.2933156304 
18.3186527298 
18.3438504216 
18.3689104201 
18.3938344065 
18.4186240307 
18.4432809116 
18.4678066378 
18.4922027686 
18.5164708348 
18.540612339 
18.5646287568 
18.588521537 
18.6122921026 
18.6359418512 
18.6594721558 
18.6828843652 
18.7061798046 
18.7293597764 
18.7524255603 
18.7753784143 
18.7982195748 
18.8209502575 
18.8435716572 
18.8660849492 
18.8884912891 
18.9107918132 
18.9329876393 
18.9550798671 
18.977069578 
18.9989578364 
19.0207456894 
19.0424341673 
19.0640242842 
19.0855170381 
19.1069134114 
19.1282143711 
19.1494208693 
19.1705338433 
19.191554216 
19.2124828963 
19.2333207793 
19.2540687464 
19.274727666 
19.2952983933 
19.3157817711 
19.3361786294 
19.3564897862 
19.3767160475 
19.3968582075 
19.4169170489 
19.4368933433 
19.456787851 
19.4766013217 
19.4963344942 
19.5159880971 
19.5355628487 
19.5550594573 
19.5744786211 
19.5938210291 
19.6130873603 
19.6322782849 
19.6513944636 
19.6704365482 
19.6894051819 
19.708300999 
19.7271246255 
19.7458766789 
19.7645577688 
19.7831684965 
19.8017094555 
19.8201812315 
19.8385844027 
19.8569195398 
19.875187206 
19.8933879574 
19.911522343 
19.9295909048 
19.947594178 
19.9655326909 
19.9834069655 
20.0012175169 
20.0189648541 
20.0366494796 
20.0542718899 
20.0718325752 
20.0893320199 
20.1067707024 
20.1241490954 
20.1414676659 
20.1587268752 
20.1759271791 
20.1930690282 
20.2101528673 
20.2271791365 
20.2441482704 
20.2610606986 
20.2779168456 
20.2947171312 
20.3114619701 
20.3281517724 
20.3447869434 
20.3613678839 
20.37789499 
20.3943686534 
20.4107892613 
20.4271571968 
20.4434728383 
20.4597365605 
20.4759487334 
20.4921097233 
20.5082198924 
20.5242795988 
20.5402891967 
20.5562490366 
20.5721594652 
20.5880208251 
20.6038334558 
20.6195976927 
20.6353138677 
20.6509823093 
20.6666033426 
20.6821772889 
20.6977044665 
20.7131851903 
20.7286197716 
20.7440085189 
20.7593517373 
20.7746497286 
20.7899027919 
20.8051112228 
20.8202753141 
20.8353953557 
20.8504716344 
20.8655044342 
20.8804940362 
20.8954407186 
20.9103447571 
20.9252064244 
20.9400259906 
20.954803723 
20.9695398865 
20.9842347431 
20.9988885526 
21.013501572 
21.0280740559 
21.0426062564 
21.0570984233 
21.0715508037 
21.0859636426 
21.1003371826 
21.114671664 
21.1289673249 
21.1432244008 
21.1574431254 
21.1716237301 
21.1857664439 
21.199871494 
21.2139391052 
21.2279695005 
21.2419629006 
21.2559195243 
21.2698395883 
21.2837233074 
21.2975708945 
21.3113825604 
21.3251585141 
21.3388989627 
21.3526041114 
21.3662741636 
21.379909321 
21.3935097832 
21.4070757483 
21.4206074126 
21.4341049705 
21.4475686149 
21.4609985369 
21.4743949259 
21.4877579699 
21.5010878548 
21.5143847653 
21.5276488843 
21.5408803933 
21.5540794721 
21.567246299 
21.5803810507 
21.5934839025 
21.6065550282 
21.6195946002 
21.6326027893 
21.6455797649 
21.6585256951 
21.6714407464 
21.6843250842 
21.6971788721 
21.7100022729 
21.7227954475 
21.7355585559 
21.7482917565 
21.7609952066 
21.7736690621 
21.7863134778 
21.798928607 
21.8115146018 
21.8240716134 
21.8365997913 
21.8490992842 
21.8615702394 
21.8740128031 
21.8864271203 
21.8988133349 
21.9111715896 
21.9235020259 
21.9358047845 
21.9480800048 
21.9603278249 
21.9725483822 
21.9847418127 
21.9969082517 
22.0090478332 
22.0211606902 
22.0332469547 
22.0453067578 
22.0573402293 
22.0693474984 
22.081328693 
22.0932839403 
22.1052133662 
22.117117096 
22.1289952538 
22.1408479629 
22.1526753457 
22.1644775236 
22.1762546172 
22.188006746 
22.1997340288 
22.2114365836 
22.2231145272 
22.234767976 
22.2463970451 
22.258001849 
22.2695825014 
22.2811391151 
22.2926718019 
22.3041806732 
22.3156658393 
22.3271274097 
22.3385654933 
22.349980198 
22.3613716311 
22.3727398992 
22.3840851078 
22.395407362 
22.406706766 
22.4179834233 
22.4292374367 
22.4404689083 
22.4516779393 
22.4628646304 
22.4740290816 
22.485171392 
22.4962916603 
22.5073899842 
22.518466461 
22.5295211872 
22.5405542587 
22.5515657707 
22.5625558177 
22.5735244937 
22.5844718919 
22.595398105 
22.606303225 
22.6171873433 
22.6280505507 
22.6388929373 
22.6497145928 
22.6605156061 
22.6712960656 
22.6820560591 
22.6927956738 
22.7035149963 
22.7142141127 
22.7248931086 
22.7355520688 
22.7461910777 
22.7568102191 
22.7674095764 
22.7779892323 
22.7885492689 
22.799089768 
22.8096108106 
22.8201124775 
22.8305948487 
22.8410580038 
22.8515020219 
22.8619269816 
22.8723329608 
22.8827200373 
22.8930882881 
22.9034377897 
22.9137686184 
22.9240808496 
22.9343745587 
22.9446498202 
22.9549067085 
22.9651452972 
22.9753656596 
22.9855678686 
22.9957519966 
23.0059181155 
23.0160662969 
23.0261966117 
23.0363091305 
23.0464039237 
23.0564810609 
23.0665406114 
23.0765826442 
23.0866072278 
23.0966144302 
23.106604319 
23.1165769616 
23.1265324248 
23.1364707751 
23.1463920784 
23.1562964004 
23.1661838064 
23.1760543612 
23.1859081294 
23.195745175 
23.2055655617 
23.215369353 
23.2251566116 
23.2349274004 
23.2446817814 
23.2544198166 
23.2641415674 
23.273847095 
23.2835364602 
23.2932097233 
23.3028669446 
23.3125081837 
23.3221335001 
23.3317429526 
23.3413366002 
23.3509145011 
23.3604767133 
23.3700232947 
23.3795543024 
23.3890697937 
23.3985698252 
23.4080544533 
23.4175237341 
23.4269777233 
23.4364164765 
23.4458400487 
23.4552484947 
